1
 8 0 0 0 0 0 0
 0 0.02 27.3587 27.8879 9.86966 9.22121 2.86248 751.428 751.428 3.52571 4.80992 -2.31398 -4.96081 0 0 0
1
 18 0 0 0 0 0 0
 0 0.02 27.3587 0 9.86966 1.22632 1.22632 2.02959e-05 2.02959e-05 6.91536 3.23157 -18.1101 14.7812 0 12 0.1
1
 18 0 0 0 0 0 0
 0 0.02 27.3587 0 9.86966 1.22632 1.22632 2.02959e-05 2.02959e-05 6.91536 3.23157 -18.1101 14.7812 0 12 0.1
1
 19 0 0 0 0 0 0
 0 0.02 4.03983 0 51.6157 8.28453 8.28453 3.52093e-05 3.52093e-05 5.48785 -2 -9.18816 18.9382 0 0 0
1
 19 0 0 0 0 0 0
 0 0.02 4.03983 0 51.6157 8.28453 8.28453 3.52093e-05 3.52093e-05 5.48785 -2 -9.18816 18.9382 0 0 0
1
 8 0 0 0 0 0 0
 0 0.018 27.5815 28.0415 9.88728 9.29623 2.88407 721.801 721.801 3.53699 4.82009 -2.06612 -5.23411 0 0 0
1
 18 0 0 0 0 0 0
 0 0.018 27.5815 0 9.88728 1.2264 1.2264 2.02954e-05 2.02954e-05 6.91536 3.23155 -18.1101 14.7812 0 12 0.1
1
 18 0 0 0 0 0 0
 0 0.018 27.5815 0 9.88728 1.2264 1.2264 2.02954e-05 2.02954e-05 6.91536 3.23155 -18.1101 14.7812 0 12 0.1
1
 19 0 0 0 0 0 0
 0 0.018 4.04146 0 55.0678 8.19526 8.19526 3.48298e-05 3.48298e-05 5.4902 -2 -9.20287 18.9529 0 0 0
1
 19 0 0 0 0 0 0
 0 0.018 4.04146 0 55.0678 8.19526 8.19526 3.48298e-05 3.48298e-05 5.4902 -2 -9.20287 18.9529 0 0 0
1
 8 0 0 0 0 0 0
 0 0.0122 28.2582 28.5113 9.9386 9.59884 2.9696 709.406 709.406 3.55165 4.8637 -1.74229 -5.66697 0 0 0
1
 18 0 0 0 0 0 0
 0 0.0122 28.2582 0 9.9386 1.22666 1.22666 2.0294e-05 2.0294e-05 6.91536 3.23148 -18.1101 14.7814 0 12 0.1
1
 18 0 0 0 0 0 0
 0 0.0122 28.2582 0 9.9386 1.22666 1.22666 2.0294e-05 2.0294e-05 6.91536 3.23148 -18.1101 14.7814 0 12 0.1
1
 19 0 0 0 0 0 0
 0 0.0122 4.01386 0 63.6824 9.10359 9.10359 3.86903e-05 3.86903e-05 5.46737 -2 -9.06022 18.8102 0 0 0
1
 19 0 0 0 0 0 0
 0 0.0122 4.01386 0 63.6824 9.10359 9.10359 3.86903e-05 3.86903e-05 5.46737 -2 -9.06022 18.8102 0 0 0
1
 8 0 0 0 0 0 0
 0 0.0187 27.5058 28.0015 9.87833 9.22511 2.8751 732.179 732.179 3.53283 4.81586 -2.15791 -5.13174 0 0 0
1
 18 0 0 0 0 0 0
 0 0.0187 27.5058 0 9.87833 1.22636 1.22636 2.02957e-05 2.02957e-05 6.91536 3.23156 -18.1101 14.7812 0 12 0.1
1
 18 0 0 0 0 0 0
 0 0.0187 27.5058 0 9.87833 1.22636 1.22636 2.02957e-05 2.02957e-05 6.91536 3.23156 -18.1101 14.7812 0 12 0.1
1
 19 0 0 0 0 0 0
 0 0.0187 4.04605 0 53.9089 8.06559 8.06559 3.42788e-05 3.42788e-05 5.49366 -2 -9.22451 18.9745 0 0 0
1
 19 0 0 0 0 0 0
 0 0.0187 4.04605 0 53.9089 8.06559 8.06559 3.42788e-05 3.42788e-05 5.49366 -2 -9.22451 18.9745 0 0 0
1
 8 0 0 0 0 0 0
 0 0.0239 26.9413 27.5887 9.83835 9.32364 2.82928 810.527 810.527 3.5057 4.79562 -2.73674 -4.50231 0 0 0
1
 18 0 0 0 0 0 0
 0 0.0239 26.9413 0 9.83835 1.22618 1.22618 2.02966e-05 2.02966e-05 6.91537 3.23161 -18.1101 14.7811 0 12 0.1
1
 18 0 0 0 0 0 0
 0 0.0239 26.9413 0 9.83835 1.22618 1.22618 2.02966e-05 2.02966e-05 6.91537 3.23161 -18.1101 14.7811 0 12 0.1
1
 8 0 0 0 0 0 0
 0 0.02 27.3587 27.8879 9.86966 9.22121 2.86248 751.428 751.428 3.52571 4.80992 -2.31398 -4.96081 0 0 0
1
 18 0 0 0 0 0 0
 0 0.02 27.3587 0 9.86966 1.22632 1.22632 2.02959e-05 2.02959e-05 6.91536 3.23157 -18.1101 14.7812 0 12 0.1
1
 18 0 0 0 0 0 0
 0 0.02 27.3587 0 9.86966 1.22632 1.22632 2.02959e-05 2.02959e-05 6.91536 3.23157 -18.1101 14.7812 0 12 0.1
1
 19 0 0 0 0 0 0
 0 0.02 4.03983 0 51.6157 8.28453 8.28453 3.52093e-05 3.52093e-05 5.48785 -2 -9.18816 18.9382 0 0 0
1
 19 0 0 0 0 0 0
 0 0.02 4.03983 0 51.6157 8.28453 8.28453 3.52093e-05 3.52093e-05 5.48785 -2 -9.18816 18.9382 0 0 0
1
 8 0 0 0 0 0 0
 0 0.018 27.5815 28.0415 9.88728 9.29623 2.88407 721.801 721.801 3.53699 4.82009 -2.06612 -5.23411 0 0 0
1
 18 0 0 0 0 0 0
 0 0.018 27.5815 0 9.88728 1.2264 1.2264 2.02954e-05 2.02954e-05 6.91536 3.23155 -18.1101 14.7812 0 12 0.1
1
 18 0 0 0 0 0 0
 0 0.018 27.5815 0 9.88728 1.2264 1.2264 2.02954e-05 2.02954e-05 6.91536 3.23155 -18.1101 14.7812 0 12 0.1
1
 19 0 0 0 0 0 0
 0 0.018 4.04146 0 55.0678 8.19526 8.19526 3.48298e-05 3.48298e-05 5.4902 -2 -9.20287 18.9529 0 0 0
1
 19 0 0 0 0 0 0
 0 0.018 4.04146 0 55.0678 8.19526 8.19526 3.48298e-05 3.48298e-05 5.4902 -2 -9.20287 18.9529 0 0 0
1
 8 0 0 0 0 0 0
 0 0.0122 28.2582 28.5113 9.9386 9.59884 2.9696 709.406 709.406 3.55165 4.8637 -1.74229 -5.66697 0 0 0
1
 18 0 0 0 0 0 0
 0 0.0122 28.2582 0 9.9386 1.22666 1.22666 2.0294e-05 2.0294e-05 6.91536 3.23148 -18.1101 14.7814 0 12 0.1
1
 18 0 0 0 0 0 0
 0 0.0122 28.2582 0 9.9386 1.22666 1.22666 2.0294e-05 2.0294e-05 6.91536 3.23148 -18.1101 14.7814 0 12 0.1
1
 19 0 0 0 0 0 0
 0 0.0122 4.01386 0 63.6824 9.10359 9.10359 3.86903e-05 3.86903e-05 5.46737 -2 -9.06022 18.8102 0 0 0
1
 19 0 0 0 0 0 0
 0 0.0122 4.01386 0 63.6824 9.10359 9.10359 3.86903e-05 3.86903e-05 5.46737 -2 -9.06022 18.8102 0 0 0
1
 8 0 0 0 0 0 0
 0 0.0187 27.5058 28.0015 9.87833 9.22511 2.8751 732.179 732.179 3.53283 4.81586 -2.15791 -5.13174 0 0 0
1
 18 0 0 0 0 0 0
 0 0.0187 27.5058 0 9.87833 1.22636 1.22636 2.02957e-05 2.02957e-05 6.91536 3.23156 -18.1101 14.7812 0 12 0.1
1
 18 0 0 0 0 0 0
 0 0.0187 27.5058 0 9.87833 1.22636 1.22636 2.02957e-05 2.02957e-05 6.91536 3.23156 -18.1101 14.7812 0 12 0.1
1
 19 0 0 0 0 0 0
 0 0.0187 4.04605 0 53.9089 8.06559 8.06559 3.42788e-05 3.42788e-05 5.49366 -2 -9.22451 18.9745 0 0 0
1
 19 0 0 0 0 0 0
 0 0.0187 4.04605 0 53.9089 8.06559 8.06559 3.42788e-05 3.42788e-05 5.49366 -2 -9.22451 18.9745 0 0 0
1
 8 0 0 0 0 0 0
 0 0.0239 26.9413 27.5887 9.83835 9.32364 2.82928 810.527 810.527 3.5057 4.79562 -2.73674 -4.50231 0 0 0
1
 18 0 0 0 0 0 0
 0 0.0239 26.9413 0 9.83835 1.22618 1.22618 2.02966e-05 2.02966e-05 6.91537 3.23161 -18.1101 14.7811 0 12 0.1
1
 18 0 0 0 0 0 0
 0 0.0239 26.9413 0 9.83835 1.22618 1.22618 2.02966e-05 2.02966e-05 6.91537 3.23161 -18.1101 14.7811 0 12 0.1
1
 8 0 0 0 0 0 0
 0 0.02 27.3587 27.8879 9.86966 9.22121 2.86248 751.428 751.428 3.52571 4.80992 -2.31398 -4.96081 0 0 0
1
 18 0 0 0 0 0 0
 0 0.02 27.3587 0 9.86966 1.22632 1.22632 2.02959e-05 2.02959e-05 6.91536 3.23157 -18.1101 14.7812 0 12 0.1
1
 18 0 0 0 0 0 0
 0 0.02 27.3587 0 9.86966 1.22632 1.22632 2.02959e-05 2.02959e-05 6.91536 3.23157 -18.1101 14.7812 0 12 0.1
1
 19 0 0 0 0 0 0
 0 0.02 4.03983 0 51.6157 8.28453 8.28453 3.52093e-05 3.52093e-05 5.48785 -2 -9.18816 18.9382 0 0 0
1
 19 0 0 0 0 0 0
 0 0.02 4.03983 0 51.6157 8.28453 8.28453 3.52093e-05 3.52093e-05 5.48785 -2 -9.18816 18.9382 0 0 0
1
 8 0 0 0 0 0 0
 0 0.018 27.5815 28.0415 9.88728 9.29623 2.88407 721.801 721.801 3.53699 4.82009 -2.06612 -5.23411 0 0 0
1
 18 0 0 0 0 0 0
 0 0.018 27.5815 0 9.88728 1.2264 1.2264 2.02954e-05 2.02954e-05 6.91536 3.23155 -18.1101 14.7812 0 12 0.1
1
 18 0 0 0 0 0 0
 0 0.018 27.5815 0 9.88728 1.2264 1.2264 2.02954e-05 2.02954e-05 6.91536 3.23155 -18.1101 14.7812 0 12 0.1
1
 19 0 0 0 0 0 0
 0 0.018 4.04146 0 55.0678 8.19526 8.19526 3.48298e-05 3.48298e-05 5.4902 -2 -9.20287 18.9529 0 0 0
1
 19 0 0 0 0 0 0
 0 0.018 4.04146 0 55.0678 8.19526 8.19526 3.48298e-05 3.48298e-05 5.4902 -2 -9.20287 18.9529 0 0 0
1
 8 0 0 0 0 0 0
 0 0.0122 28.2582 28.5113 9.9386 9.59884 2.9696 709.406 709.406 3.55165 4.8637 -1.74229 -5.66697 0 0 0
1
 18 0 0 0 0 0 0
 0 0.0122 28.2582 0 9.9386 1.22666 1.22666 2.0294e-05 2.0294e-05 6.91536 3.23148 -18.1101 14.7814 0 12 0.1
1
 18 0 0 0 0 0 0
 0 0.0122 28.2582 0 9.9386 1.22666 1.22666 2.0294e-05 2.0294e-05 6.91536 3.23148 -18.1101 14.7814 0 12 0.1
1
 19 0 0 0 0 0 0
 0 0.0122 4.01386 0 63.6824 9.10359 9.10359 3.86903e-05 3.86903e-05 5.46737 -2 -9.06022 18.8102 0 0 0
1
 19 0 0 0 0 0 0
 0 0.0122 4.01386 0 63.6824 9.10359 9.10359 3.86903e-05 3.86903e-05 5.46737 -2 -9.06022 18.8102 0 0 0
1
 8 0 0 0 0 0 0
 0 0.0187 27.5058 28.0015 9.87833 9.22511 2.8751 732.179 732.179 3.53283 4.81586 -2.15791 -5.13174 0 0 0
1
 18 0 0 0 0 0 0
 0 0.0187 27.5058 0 9.87833 1.22636 1.22636 2.02957e-05 2.02957e-05 6.91536 3.23156 -18.1101 14.7812 0 12 0.1
1
 18 0 0 0 0 0 0
 0 0.0187 27.5058 0 9.87833 1.22636 1.22636 2.02957e-05 2.02957e-05 6.91536 3.23156 -18.1101 14.7812 0 12 0.1
1
 19 0 0 0 0 0 0
 0 0.0187 4.04605 0 53.9089 8.06559 8.06559 3.42788e-05 3.42788e-05 5.49366 -2 -9.22451 18.9745 0 0 0
1
 19 0 0 0 0 0 0
 0 0.0187 4.04605 0 53.9089 8.06559 8.06559 3.42788e-05 3.42788e-05 5.49366 -2 -9.22451 18.9745 0 0 0
1
 8 0 0 0 0 0 0
 0 0.0239 26.9413 27.5887 9.83835 9.32364 2.82928 810.527 810.527 3.5057 4.79562 -2.73674 -4.50231 0 0 0
1
 18 0 0 0 0 0 0
 0 0.0239 26.9413 0 9.83835 1.22618 1.22618 2.02966e-05 2.02966e-05 6.91537 3.23161 -18.1101 14.7811 0 12 0.1
1
 18 0 0 0 0 0 0
 0 0.0239 26.9413 0 9.83835 1.22618 1.22618 2.02966e-05 2.02966e-05 6.91537 3.23161 -18.1101 14.7811 0 12 0.1
1
 8 0 0 0 0 0 0
 0 0.02 27.3587 27.8879 9.86966 9.22121 2.86248 751.428 751.428 3.52571 4.80992 -2.31398 -4.96081 0 0 0
1
 18 0 0 0 0 0 0
 0 0.02 27.3587 0 9.86966 1.22632 1.22632 2.02959e-05 2.02959e-05 6.91536 3.23157 -18.1101 14.7812 0 12 0.1
1
 18 0 0 0 0 0 0
 0 0.02 27.3587 0 9.86966 1.22632 1.22632 2.02959e-05 2.02959e-05 6.91536 3.23157 -18.1101 14.7812 0 12 0.1
1
 19 0 0 0 0 0 0
 0 0.02 4.03983 0 51.6157 8.28453 8.28453 3.52093e-05 3.52093e-05 5.48785 -2 -9.18816 18.9382 0 0 0
1
 19 0 0 0 0 0 0
 0 0.02 4.03983 0 51.6157 8.28453 8.28453 3.52093e-05 3.52093e-05 5.48785 -2 -9.18816 18.9382 0 0 0
1
 8 0 0 0 0 0 0
 0 0.018 27.5815 28.0415 9.88728 9.29623 2.88407 721.801 721.801 3.53699 4.82009 -2.06612 -5.23411 0 0 0
1
 18 0 0 0 0 0 0
 0 0.018 27.5815 0 9.88728 1.2264 1.2264 2.02954e-05 2.02954e-05 6.91536 3.23155 -18.1101 14.7812 0 12 0.1
1
 18 0 0 0 0 0 0
 0 0.018 27.5815 0 9.88728 1.2264 1.2264 2.02954e-05 2.02954e-05 6.91536 3.23155 -18.1101 14.7812 0 12 0.1
1
 19 0 0 0 0 0 0
 0 0.018 4.04146 0 55.0678 8.19526 8.19526 3.48298e-05 3.48298e-05 5.4902 -2 -9.20287 18.9529 0 0 0
1
 19 0 0 0 0 0 0
 0 0.018 4.04146 0 55.0678 8.19526 8.19526 3.48298e-05 3.48298e-05 5.4902 -2 -9.20287 18.9529 0 0 0
1
 8 0 0 0 0 0 0
 0 0.0122 28.2582 28.5113 9.9386 9.59884 2.9696 709.406 709.406 3.55165 4.8637 -1.74229 -5.66697 0 0 0
1
 18 0 0 0 0 0 0
 0 0.0122 28.2582 0 9.9386 1.22666 1.22666 2.0294e-05 2.0294e-05 6.91536 3.23148 -18.1101 14.7814 0 12 0.1
1
 18 0 0 0 0 0 0
 0 0.0122 28.2582 0 9.9386 1.22666 1.22666 2.0294e-05 2.0294e-05 6.91536 3.23148 -18.1101 14.7814 0 12 0.1
1
 19 0 0 0 0 0 0
 0 0.0122 4.01386 0 63.6824 9.10359 9.10359 3.86903e-05 3.86903e-05 5.46737 -2 -9.06022 18.8102 0 0 0
1
 19 0 0 0 0 0 0
 0 0.0122 4.01386 0 63.6824 9.10359 9.10359 3.86903e-05 3.86903e-05 5.46737 -2 -9.06022 18.8102 0 0 0
1
 8 0 0 0 0 0 0
 0 0.0187 27.5058 28.0015 9.87833 9.22511 2.8751 732.179 732.179 3.53283 4.81586 -2.15791 -5.13174 0 0 0
1
 18 0 0 0 0 0 0
 0 0.0187 27.5058 0 9.87833 1.22636 1.22636 2.02957e-05 2.02957e-05 6.91536 3.23156 -18.1101 14.7812 0 12 0.1
1
 18 0 0 0 0 0 0
 0 0.0187 27.5058 0 9.87833 1.22636 1.22636 2.02957e-05 2.02957e-05 6.91536 3.23156 -18.1101 14.7812 0 12 0.1
1
 19 0 0 0 0 0 0
 0 0.0187 4.04605 0 53.9089 8.06559 8.06559 3.42788e-05 3.42788e-05 5.49366 -2 -9.22451 18.9745 0 0 0
1
 19 0 0 0 0 0 0
 0 0.0187 4.04605 0 53.9089 8.06559 8.06559 3.42788e-05 3.42788e-05 5.49366 -2 -9.22451 18.9745 0 0 0
1
 8 0 0 0 0 0 0
 0 0.0239 26.9413 27.5887 9.83835 9.32364 2.82928 810.527 810.527 3.5057 4.79562 -2.73674 -4.50231 0 0 0
1
 18 0 0 0 0 0 0
 0 0.0239 26.9413 0 9.83835 1.22618 1.22618 2.02966e-05 2.02966e-05 6.91537 3.23161 -18.1101 14.7811 0 12 0.1
1
 18 0 0 0 0 0 0
 0 0.0239 26.9413 0 9.83835 1.22618 1.22618 2.02966e-05 2.02966e-05 6.91537 3.23161 -18.1101 14.7811 0 12 0.1
1
 8 0 0 0 0 0 0
 0 0.02 27.3587 27.8879 9.86966 9.22121 2.86248 751.428 751.428 3.52571 4.80992 -2.31398 -4.96081 0 0 0
1
 18 0 0 0 0 0 0
 0 0.02 27.3587 0 9.86966 1.22632 1.22632 2.02959e-05 2.02959e-05 6.91536 3.23157 -18.1101 14.7812 0 12 0.1
1
 18 0 0 0 0 0 0
 0 0.02 27.3587 0 9.86966 1.22632 1.22632 2.02959e-05 2.02959e-05 6.91536 3.23157 -18.1101 14.7812 0 12 0.1
1
 19 0 0 0 0 0 0
 0 0.02 4.03983 0 51.6157 8.28453 8.28453 3.52093e-05 3.52093e-05 5.48785 -2 -9.18816 18.9382 0 0 0
1
 19 0 0 0 0 0 0
 0 0.02 4.03983 0 51.6157 8.28453 8.28453 3.52093e-05 3.52093e-05 5.48785 -2 -9.18816 18.9382 0 0 0
1
 8 0 0 0 0 0 0
 0 0.018 27.5815 28.0415 9.88728 9.29623 2.88407 721.801 721.801 3.53699 4.82009 -2.06612 -5.23411 0 0 0
1
 18 0 0 0 0 0 0
 0 0.018 27.5815 0 9.88728 1.2264 1.2264 2.02954e-05 2.02954e-05 6.91536 3.23155 -18.1101 14.7812 0 12 0.1
1
 18 0 0 0 0 0 0
 0 0.018 27.5815 0 9.88728 1.2264 1.2264 2.02954e-05 2.02954e-05 6.91536 3.23155 -18.1101 14.7812 0 12 0.1
1
 19 0 0 0 0 0 0
 0 0.018 4.04146 0 55.0678 8.19526 8.19526 3.48298e-05 3.48298e-05 5.4902 -2 -9.20287 18.9529 0 0 0
1
 19 0 0 0 0 0 0
 0 0.018 4.04146 0 55.0678 8.19526 8.19526 3.48298e-05 3.48298e-05 5.4902 -2 -9.20287 18.9529 0 0 0
1
 8 0 0 0 0 0 0
 0 0.0122 28.2582 28.5113 9.9386 9.59884 2.9696 709.406 709.406 3.55165 4.8637 -1.74229 -5.66697 0 0 0
1
 18 0 0 0 0 0 0
 0 0.0122 28.2582 0 9.9386 1.22666 1.22666 2.0294e-05 2.0294e-05 6.91536 3.23148 -18.1101 14.7814 0 12 0.1
1
 18 0 0 0 0 0 0
 0 0.0122 28.2582 0 9.9386 1.22666 1.22666 2.0294e-05 2.0294e-05 6.91536 3.23148 -18.1101 14.7814 0 12 0.1
1
 19 0 0 0 0 0 0
 0 0.0122 4.01386 0 63.6824 9.10359 9.10359 3.86903e-05 3.86903e-05 5.46737 -2 -9.06022 18.8102 0 0 0
1
 19 0 0 0 0 0 0
 0 0.0122 4.01386 0 63.6824 9.10359 9.10359 3.86903e-05 3.86903e-05 5.46737 -2 -9.06022 18.8102 0 0 0
1
 8 0 0 0 0 0 0
 0 0.0187 27.5058 28.0015 9.87833 9.22511 2.8751 732.179 732.179 3.53283 4.81586 -2.15791 -5.13174 0 0 0
1
 18 0 0 0 0 0 0
 0 0.0187 27.5058 0 9.87833 1.22636 1.22636 2.02957e-05 2.02957e-05 6.91536 3.23156 -18.1101 14.7812 0 12 0.1
1
 18 0 0 0 0 0 0
 0 0.0187 27.5058 0 9.87833 1.22636 1.22636 2.02957e-05 2.02957e-05 6.91536 3.23156 -18.1101 14.7812 0 12 0.1
1
 19 0 0 0 0 0 0
 0 0.0187 4.04605 0 53.9089 8.06559 8.06559 3.42788e-05 3.42788e-05 5.49366 -2 -9.22451 18.9745 0 0 0
1
 19 0 0 0 0 0 0
 0 0.0187 4.04605 0 53.9089 8.06559 8.06559 3.42788e-05 3.42788e-05 5.49366 -2 -9.22451 18.9745 0 0 0
1
 8 0 0 0 0 0 0
 0 0.0239 26.9413 27.5887 9.83835 9.32364 2.82928 810.527 810.527 3.5057 4.79562 -2.73674 -4.50231 0 0 0
1
 18 0 0 0 0 0 0
 0 0.0239 26.9413 0 9.83835 1.22618 1.22618 2.02966e-05 2.02966e-05 6.91537 3.23161 -18.1101 14.7811 0 12 0.1
1
 18 0 0 0 0 0 0
 0 0.0239 26.9413 0 9.83835 1.22618 1.22618 2.02966e-05 2.02966e-05 6.91537 3.23161 -18.1101 14.7811 0 12 0.1
